0.4008721634745598
0.30547059631888007
0.30858176946640015
0.2804178054407608
0.2712395191192627
0.27736118835129653
0.31014785170555115
0.270564902029784
0.23658914119005203
0.26159685193607124
0.2665058672428131
0.2544813396980857
0.29893819987773895
0.24448664013370133
0.23070300556719303
0.23456718569787421
0.2249809429049492
0.2261287995272934
0.24240571446716785
0.22305582322659764
0.19334880262613297
0.21613827776532657
0.18265655636787415
0.20536214352059778
0.17632536962628365
0.19899047067444217
0.15304232388734818
0.19386288945996524
0.16260921768844128
0.18584501038831058
0.12574881874024868
0.18131132954086113
0.1987745389342308
0.17274565156549215
0.18066979385912418
0.164590527377285
0.12281530164182186
0.16025451552307252
0.13635260984301567
0.15426127989730326
0.1806735284626484
0.14652922198102616
0.1286497339606285
0.1435972944565929
0.12012642621994019
0.1383888998557583
0.11704231984913349
0.13399911831400477
0.1648725364357233
0.13200041643426855
0.08570191264152527
0.12397200833674114
0.12394431605935097
0.12275183031169495
0.09916500933468342
0.1177963926687394
0.08575599826872349
0.11551337123913046
0.09720000810921192
0.10182483663948455
0.07511900831013918
0.09738221468108862
0.09384437464177608
0.09457233752409863
0.05586985684931278
0.09632700581177331
0.08796553313732147
0.0932444625368139
0.08532395213842392
0.09126976586988952
0.076409462839365
0.09167858475985208
0.07428784854710102
0.08923948368076051
0.06959332711994648
0.0915371475575289
0.08620186895132065
0.08848471997195098
0.10046401619911194
0.0875154691748321
0.06839004158973694
0.0875244641556672
0.05646263808012009
0.08745835325450148
0.09021347761154175
0.08595884796969666
0.07477243803441525
0.08593773846007367
0.09106228780001402
0.08643794441042413
0.053385043516755104
0.08448092457331201
0.11259103380143642
0.08506973920445336
0.10193108394742012
0.08470348188063444
0.07066151034086943
0.08547141284930825
0.0728472899645567
0.08397363086627556
0.05956339091062546
0.0829699528864631
0.0875079296529293
0.08329387040034232
0.10080396197736263
0.08197244931713189
0.06696485169231892
0.08103569302855447
0.08606976550072432
0.08153021411214134
0.09012260846793652
0.08263982764196277
0.11070672702044249
0.08142293236301382
0.08141041547060013
0.08074488313776432
0.05855476949363947
0.08148049613885065
0.07250859402120113
0.081671923366698
