0.22761604096740484
0.30775126814842224
0.3141266778111458
0.30164992809295654
0.19817435229197145
0.24026181921362877
0.2600790038704872
0.20328515954315662
0.20494357496500015
0.20695842802524567
0.17636090144515038
0.23789579421281815
0.2416628897190094
0.2021770030260086
0.18496535904705524
0.20215101540088654
0.18684381991624832
0.14571795240044594
0.14923148229718208
0.1727505922317505
0.15704441536217928
0.18019362911581993
0.12330209650099277
0.12780702114105225
0.14749803021550179
0.17016128450632095
0.1320088654756546
0.1822020597755909
0.2500423416495323
0.13627693057060242
0.1334158480167389
0.10560398641973734
0.0645246496424079
0.12261753901839256
0.13812929019331932
0.1491042822599411
0.11887751519680023
0.1454410534352064
0.18754588067531586
0.18971898406744003
0.10089308023452759
0.09666405245661736
0.10737181268632412
0.13604402169585228
0.10078904218971729
0.12700021639466286
0.11148891225457191
0.1298498511314392
0.13520778343081474
0.09300890564918518
0.20893074572086334
0.08507137931883335
0.1261647343635559
0.1328537855297327
0.1573697980493307
0.13721118308603764
0.10944683477282524
0.1383714061230421
0.12447828613221645
0.08636307343840599
