0.1991398185491562
0.16529225930571556
0.15351655893027782
0.16004090197384357
0.11689278855919838
0.12856998667120934
0.0796254500746727
0.16633985564112663
0.09513425454497337
0.08785973116755486
0.12162195146083832
0.10938495397567749
0.10949406027793884
0.10850287787616253
0.09743235260248184
0.10658873245120049
0.07855643332004547
0.11308751069009304
0.13742563501000404
0.08939634636044502
0.10195789858698845
0.0967103112488985
0.11903078481554985
0.07101486623287201
0.07697421498596668
0.09383339062333107
0.07215758226811886
0.08219689503312111
0.10051750764250755
0.05857670493423939
0.08817865327000618
0.07155022583901882
0.07156293839216232
0.09456855803728104
0.07748515158891678
0.0542730875313282
0.10205987095832825
0.059622058644890785
0.09864314645528793
0.08688527904450893
0.08980544656515121
0.11815380677580833
0.08683976158499718
0.10322896018624306
0.06631302461028099
0.0844343975186348
0.08052489347755909
0.07348179258406162
0.07030469551682472
0.08161694556474686
0.13043393194675446
0.12204479798674583
0.08255032636225224
0.14180489629507065
0.06973707117140293
0.05297641083598137
0.09070260636508465
0.08868266455829144
0.06537704169750214
0.10572619363665581
