0.43204256147146225
0.30046372636709184
0.24250699901135592
0.22160502965180356
0.2039102158670164
0.1905806674529789
0.09973272867500782
0.13917108953353904
0.13511484111772804
0.13500105632377452
0.13448262633180913
0.13340918683806563
0.12793779745697975
0.13133261485823564
0.12334507992263974
0.12486708000851948
0.1257789438866355
0.12428991200568357
0.07982988655567169
0.12101805830995242
0.11323969057056962
0.1141463966093591
0.11407190174968154
0.1151040693062662
0.08827852830290794
0.11025455367884465
0.10846459479411928
0.11085150109939888
0.11379442982559587
0.11294355728469863
0.1488768681883812
0.10604703803324983
0.1075862412817958
0.1062090862389715
0.10977260505113705
0.11096222740183077
0.10429064556956291
0.09805561140889213
0.1022232959910137
0.1054736039616534
0.10328214180966218
0.10405427435099489
0.09565827623009682
0.09185875522061474
0.09492211420906753
0.09867021471994822
0.10192009669809061
0.10003759129212635
0.08926066942512989
0.10341358539604005
0.10146679947289025
0.09834085078146614
0.09567209921869231
0.09409803823374285
0.09873884171247482
0.09913822494092442
0.09469878762142687
0.09503373705217096
0.09328632084307847
0.09349793634644829
0.08015534281730652
0.09075471980585939
0.09056639623623795
0.0914244496217761
0.08941554034381737
0.08919202600891638
0.08567043021321297
0.08968916047541868
0.08859061054521944
0.087038029458557
0.08685528474319497
0.08494759211777755
0.09009280521422625
0.07861136081850245
0.07810317259281874
0.07955347117586214
0.0794427839257283
0.08200169980784158
0.0692579997703433
0.07307693854506526
0.0783124375497786
0.0794629757063555
0.07960665344410105
0.08087107531800128
0.05649060197174549
0.07293483233522802
0.0713426745837418
0.0735583009015097
0.07684048465280621
0.07727586828393511
0.11713935062289238
0.07116321713796683
0.06877022602300091
0.0704429844913424
0.07065779019009184
0.07143751134413599
0.05196994636207819
0.06880116662276643
0.07125298385849087
0.06890695131399104
0.06877102488996806
0.06833670866943084
0.08201847411692142
0.06386162677691096
0.06665307019905346
0.06336125619251465
0.06498129581342693
0.06538455042582338
0.05148512218147516
0.0627785472731505
0.06248148985025359
0.061127083085965914
0.06055906958257159
0.06159194949368882
0.04337242152541876
0.057496897698867885
0.058826256884125676
0.057839841383402466
0.05866453434444136
0.05891640402266
0.04286768659949303
0.056542519036503064
0.05431835297722279
0.05619368817443486
0.056064152647453694
0.05651625737289686
0.03742686286568642
0.049225667314160435
0.05016616430905897
0.04990423374549776
0.05042718524504223
0.050909857376303415
0.04769311845302582
0.04314484708898124
0.04680642331155335
0.046858365998649204
0.047768133905152846
0.048132983488169044
0.05141410976648331
0.042633248160460165
0.045311754399047395
0.04672198659419769
0.045912801322561723
0.04559372614442122
0.0333727840334177
0.03756447863720712
0.040215361568077305
0.04032146519996592
0.041448820715793123
0.042482494206011
0.046554867178201675
0.037858997737722735
0.039125826561868915
0.03922145426670303
0.04022149111569664
0.03988808361204839
0.03172562504187226
0.036217892941619666
0.036796094395402004
0.036333991573421195
0.03680141870058889
0.03741531386870042
0.03616446815431118
0.03633614265847774
0.035703532454535
0.03597298114117785
0.035369331775992004
0.036184714371707324
0.028555351309478283
0.029451801840748106
0.030641496215560813
0.0324023033751816
0.03337349611863402
0.03352028555421177
0.035701367538422346
0.031413359611871694
0.02854492544287407
0.028065279351364148
0.027552051530047146
0.027554478703785946
0.024204100482165813
0.024273231304028912
0.024073596157860463
0.024088463131491034
0.024580310581734887
0.025201551740675576
0.012425122549757361
0.0229512799442524
0.023413406139830263
0.023581835273347916
0.024018514711685753
0.023929826834580243
0.014797417679801583
0.02308940578119031
0.023061035036268395
0.02302141891044305
0.023487829807340915
0.02382858045454515
0.01976380404084921
0.023702506009223207
0.02242893049856875
0.022207846876508633
0.02252058833722531
0.02258558839670207
0.031936049461364746
0.022422714546943705
0.023779183311001737
0.022437423168009788
0.022763530216409745
0.022555899765978726
0.022094516549259424
0.020542088291785193
0.02126723330002278
0.02097875382140523
0.021625904866528732
0.021711060758864524
0.020262999460101128
0.02181826226989783
0.021931678431517467
0.021506877240083624
0.02147349014153911
0.021580260781811016
0.020750526804476976
0.021260547884074704
0.02019714776471984
0.020286266611827933
0.020099666607738646
0.020562199071178785
0.02130749821662903
0.02041183842257375
0.020281640136977884
0.020762168787053375
0.020626563728315596
0.020581309976388174
0.013518473133444786
0.018008706049017963
0.018468032701781427
0.01934757373929329
0.01969069610838491
0.01969059105699716
0.02687435783445835
0.019350040349222365
0.01973120965313439
0.019561167554471823
0.01972403630246351
0.0198565256599761
0.021297252736985683
0.019657482825485722
0.019234670215377177
0.019464484051434843
0.01949674452304334
0.01936154548046502
0.013517124112695456
0.016400320976529093
0.017935831571088696
0.018216407464695026
0.018477026847432607
0.018923520747950246
0.018565523787401617
0.01720961324671017
0.0171456966384473
0.017895791034565352
0.017935327446824054
0.018284857849415283
0.01437751087360084
0.01801440492272377
0.017568686886168108
0.01773410870647821
0.017967000365096294
0.018339345964723
0.017802678979933262
0.016184379984181197
0.017272802299774456
0.017591244268200558
0.017737882372773725
0.018153972711672288
0.018020227551460266
0.017232847483163432
0.01702097857586767
0.017552841384131768
0.017680484048424313
0.01781518902574288
0.01573592284694314
0.016767479756492235
0.01675711780014198
0.016932844027846318
0.017286933901041378
0.017522193153739197
0.015785170486196876
0.017852215584190118
0.018158649594136853
0.018230850743435202
0.017991987565808273
0.017578179425891894
0.011975428555160761
0.016280882376512245
0.0165353915370183
0.016560330761779773
0.01684871981823012
0.01672228093208321
0.017019497696310282
0.01678367207447688
0.016604560404652503
0.016182865124943924
0.016529441835577197
0.016797161468599765
0.010895801475271583
0.016475344686547204
0.016440393627484944
0.016572940915242813
0.016590986173760928
0.016519906723152587
0.019373111426830292
0.01634616115396576
0.01672321790261421
0.01645234514974424
0.016398502390164837
0.0164228415872791
0.016281513962894678
0.016543969329047416
0.015795406757672204
0.015911273702169906
0.016067046564313823
0.01617279401196554
0.015253874007612467
0.015513163924749409
0.016166636532899445
0.016061929566022315
0.016218170575383637
0.016212994510556876
0.01170380157418549
0.014181873367522798
0.015250734746365286
0.01606223160462057
0.016005626894004733
0.016124801645700883
0.018685442046262324
0.01653799171271246
0.016415954257997616
0.016130747193409525
0.0159194401456733
0.016146392445079982
0.02087400946766138
0.016771298240027613
0.016595495254278364
0.016302565070724147
0.01633515630641745
0.016319959597330135
0.010373137891292572
0.01445600318921996
0.01567300641341362
0.015803791731443317
0.01592024486730404
0.01581605352313802
0.01670511462725699
0.015756898953224577
0.01598193082481441
0.016380837664282957
0.01650773725087214
0.016652700615733273
