0.14228824712336063
0.13591471988530385
0.12617177516222
0.13679595114219756
0.09661842882633209
0.11691330071716081
0.08588547259569168
0.1119681555068209
0.13657815009355545
0.11474012264183589
0.10940992459654808
0.10902199308787074
0.07833760231733322
0.10320529550136555
0.07812358066439629
0.09959292021535691
0.09518114663660526
0.09769676266504186
0.0867337342351675
0.10060808714479208
0.07635332830250263
0.09086413300108342
0.06462046317756176
0.0892442811857022
0.10706221498548985
0.09556671391640391
0.09210467524826527
0.09268937570353349
0.07629953231662512
0.09452396777591535
0.11223646253347397
0.09181378595530987
0.0734333023428917
0.08398085752768177
0.09735113941133022
0.08976878327805371
0.12943417951464653
0.0915843082059707
0.11763771995902061
0.08819535410120374
0.08009805530309677
0.08771788461932115
0.10556176491081715
0.0894084195384667
0.07539778016507626
0.08938381204470283
0.07939777243882418
0.0943725880324131
0.0976632796227932
0.09182111568571556
0.09366988390684128
0.09114899654828366
0.06731006130576134
0.09186641131305978
0.043264924082905054
0.07868993351058591
0.07468397729098797
0.08595110252056093
0.09693010337650776
0.08432748873851129
0.08990643359720707
0.08336839079856873
0.08067221380770206
0.08174486090207383
0.09126507118344307
0.08741614528532539
0.10018806718289852
0.08212640180829026
0.0963891688734293
0.08518528947163195
0.07421709969639778
0.07565777367424398
0.120847187936306
0.08271670545495692
0.08690716698765755
0.08295575844212658
0.11739615723490715
0.08395247329913434
0.06418786104768515
0.08097796669850747
0.05137685779482126
0.08043977822221461
0.08011790364980698
0.08163059374228829
0.08020753972232342
0.0828528024611019
0.09775684028863907
0.08532674912185896
0.05555097199976444
0.07776249599243913
0.08715174160897732
0.0834481350722767
0.08879933692514896
0.0830160892967667
0.1158314198255539
0.08051783050454799
0.08502111956477165
0.082453143738565
0.07554076239466667
0.0795042666473559
0.09498644806444645
0.08455867054206985
0.07121152058243752
0.08731008959668023
0.09604422003030777
0.08644190665689253
0.09115206822752953
0.08302813559947979
0.09273688308894634
0.08120167982720193
0.09383192658424377
0.08851575944572687
0.0672710807994008
0.07975675538182259
0.057779038324952126
0.07874325148406483
0.06581821665167809
0.08534378602745987
0.09560838527977467
0.08572117860118549
