0.5583077669143677
0.3755188807623372
0.3457294582025852
0.33542554783558504
0.3282608459473668
0.3176432671993602
0.25327024795114994
0.29365565153282314
0.2879380200557956
0.2801874806096808
0.27855835096151743
0.2788889715033076
0.26879048347473145
0.26212453482938664
0.2694771264838736
0.2716987737011714
0.27133343011186817
0.270445629617771
0.24802757985889912
0.28297543503521455
0.2716551006022023
0.26677368935502943
0.26367567801549113
0.26152880133895
0.22902308963239193
0.25784114340231534
0.25413733784381937
0.24699877117012367
0.24780442081621767
0.24994380130331115
0.2151968963444233
0.24147531667369462
0.24163850429808584
0.238431190484066
0.23907814112227457
0.23868234505840014
0.20979384891688824
0.2311915224418044
0.22966430084098402
0.22698447347969794
0.22923189287798273
0.22834816504970634
0.23631651140749454
0.2346909794779051
0.22301062055659004
0.21819858466748332
0.21801758262064355
0.2153711795972863
0.19967671856284142
0.20640208368145285
0.20471720606452082
0.20530939482335672
0.20494492527925307
0.2036761680230646
0.205195726826787
0.1897634556517005
0.19185375597146226
0.19271877117943567
0.19201958294451973
0.19076869958587508
0.22414472326636314
0.17617510560722577
0.17233452082770626
0.17729917742678378
0.17829599982288516
0.1801425629562818
0.15501002967357635
0.17179613937402055
0.17502352190998996
0.16925668255349652
0.16666774708133789
0.16590075354359232
0.18027716502547264
0.14953950122885762
0.15013226757689221
0.15499057564273722
0.15784194644678523
0.15815385467935317
0.1210006894543767
0.14314501705978597
0.14488509151993728
0.14364019079042262
0.14245601639979416
0.144345268256741
0.11323496513068676
0.1364503933471583
0.13612139449886432
0.1323127466116528
0.134866935396452
0.13832159721209566
0.07405444700270891
0.11990680514524381
0.1217161831332416
0.12375585447813643
0.12550451595014261
0.12645871563823802
0.11858552508056164
0.1212243904758777
0.12045124005072
0.11789750397877126
0.11825760425194914
0.11866015958424547
0.07489986810833216
0.11032801081559487
0.11137476667943524
0.11326034779309249
0.11223276238888502
0.11355693652156261
0.11167544592171907
0.1000765919951456
0.09999348082375235
0.1022827012433869
0.10248925050513612
0.10322393169903224
0.08606029488146305
0.10222984444616097
0.10133613129259973
0.10060871187139486
0.10031583322855978
0.10009021952397901
0.0893704853951931
0.09434043775711741
0.09434953363748586
0.09286659026182577
0.09478925680166778
0.09462339666183336
0.07557460200041533
0.08951049901190258
0.09125883488847715
0.09099462623784288
0.0912944472072945
0.08921151142106346
0.12117604166269302
0.08718010907371838
0.08520193763713284
0.08391331081263355
0.08300294025720638
0.08324213871861448
0.057801177725195885
0.07062259019308147
0.07474732084381508
0.07693330951981613
0.07735064430852179
0.07792400509709178
0.08813242334872484
0.06761898350946251
0.0699582136826726
0.07177085230188048
0.0738944096352767
0.07521970855016814
0.06588353682309389
0.07149342048381056
0.06944574763226073
0.06872163538164536
0.06941290254371217
0.07130817454400482
0.067087946459651
0.06156948696644533
0.06439332123391511
0.06459962992669373
0.06553482563223367
0.06628594524457608
0.06285320967435837
0.06501063817579832
0.06362224179433613
0.06399419663290752
0.06448186102127772
0.06457011195102541
0.061780993826687336
0.06330000815380897
0.06311428406071372
0.06262876343012588
0.06273099107460843
0.06375596295156986
0.04855441767722368
0.052462639198416754
0.05006387870667911
0.04992901734610806
0.04879789088887197
0.0483753079465489
0.04216979956254363
0.04522455257496664
0.04376161673174399
0.04507979161304529
0.04493670714559195
0.04460155720462893
0.052355213556438684
0.04226697971379118
0.04277747747397459
0.04280502153331506
0.04327874964988434
0.04319561529434332
0.036321599036455154
0.041292850260755846
0.04088329540838192
0.04056431646229791
0.04167884178344666
0.0416020212953191
0.04149237461388111
0.03984094023083647
0.040768381480763595
0.03951593463263307
0.040270771727793746
0.04038837848065218
0.035628107376396656
0.036967800586440024
0.038739091393015374
0.038734946468631265
0.03897100474892391
0.03947707871205662
0.06774374935775995
0.03993966166550914
0.03847751039557341
0.038376454561643424
0.038302686913398866
0.03853745015550147
0.04160573612898588
0.03730636850620309
0.03767660122773633
0.03790439349278563
0.03809027511764456
0.03794229632280398
0.035383444745093584
0.03765622513102634
0.03654023318937639
0.036642553307665665
0.03665023614411001
0.036674094817481274
0.048837365582585335
0.03777077481416719
0.03671207696926303
0.036390040081269184
0.03636123652477967
0.036301273241694465
0.028823366854339838
0.033939647499383205
0.03384295210991872
0.03406758810637794
0.03471012728829167
0.03516014476103874
0.036288265604525805
0.03553351350793881
0.03569963521028801
0.03578503046673341
0.03558552489661968
0.035339792044648884
0.02640923485159874
0.03396638436242938
0.03416118758344432
0.035253774680075095
0.035748972224048624
0.035972634118308526
0.03631361899897456
0.03436993894034198
0.03370008360390074
0.0338246391620487
0.03375792159284982
0.03409890983355149
0.024441633373498917
0.03319918958558923
0.03456566331726385
0.03458572385191429
0.03433844020279745
0.03409258498681138
0.03399559762328863
0.03178306065854572
0.03257320915553265
0.032857965139794304
0.03258356614107335
0.032970387138205
0.019933535484597087
0.029578236962801645
0.03215214059824442
0.03140622365944942
0.03192617047440122
0.03195690492509246
0.03186896629631519
0.03186123048709262
0.03213789891565173
0.03184780568556219
0.03244497016198749
0.032731865412823045
0.030679495073854923
0.028082251371372314
0.030633629055512025
0.03137329366577209
0.03205187381302685
0.03221653030705777
0.028996331617236137
0.03050518223261904
0.030565382651530387
0.030373969844343963
0.03050254729438435
0.030878494489052805
0.03589059319347143
0.0310727190004573
0.03174302170461998
0.0313099988232382
0.03155716511213945
0.03132504263736013
0.03086761012673378
0.030203929503581355
0.029963284895596343
0.030244824812426917
0.03007154086213789
0.030695821615028204
0.03013292606920004
0.03367543386827622
0.03253799040302089
0.03164639030430527
0.03077633304659415
0.030636086774123186
0.0246821790933609
0.03237297779525675
0.030717667731706325
0.030428591085078775
0.030092614702880383
0.03011224998880436
0.024583732709288597
0.0280496520988111
0.029070348405029353
0.029920852819427114
0.030506433855834198
0.03038854160493627
0.022629575338214636
0.031830582047058714
0.030749968820955695
0.029868341444182347
0.03040720232658916
0.029962937882409828
0.02256054012104869
0.03118760362710981
0.030563804457282146
0.0295385076267431
0.03004233400268411
0.029791001433340628
0.037098429165780544
0.029652264833982502
0.030455257777669806
0.030384516847304633
0.029997603352653023
0.029669660268037922
0.034516635816544294
0.029800503381661007
0.029109789592372936
0.03008591070710147
0.029673178433038204
0.029489632147262888
0.025329974479973316
0.03128150853860591
0.030966263616503013
0.030479868587686636
0.030286231678968042
0.030504467134078096
0.029225657461211085
0.02942533787739064
0.02936517630658317
0.029715032553391866
0.029270349881025375
0.029509190527611587
