0.28821413218975067
0.2728287723092806
0.3227020874619484
0.2702045247757009
0.2889295518398285
0.27272612743434455
0.2880293279886246
0.253050308231087
0.28884459286928177
0.24551562610126676
0.27963345125317574
0.24747352510513293
0.18878018110990524
0.23486817038307586
0.19945014640688896
0.22418505352522647
0.2150258794426918
0.2204652013523238
0.20676342211663723
0.20770483286607833
0.1762768104672432
0.19052637927234173
0.24648983031511307
0.19247440780912126
0.19475363940000534
0.1788991874172574
0.18726931884884834
0.16678720309088627
0.15053119510412216
0.171159474711333
0.1635779868811369
0.16105158715730622
0.22501863911747932
0.15666984766721725
0.11045246571302414
0.16094750130460375
0.17883854918181896
0.17093624422947565
0.16996146738529205
0.15931971353434382
0.18289506062865257
0.16103130197595983
0.12698095105588436
0.16022993437945843
0.12563629634678364
0.15533200012786047
0.17191632837057114
0.1574510345678954
0.10627696290612221
0.15111349753680683
0.10169589892029762
0.142543759729181
0.10670945607125759
0.15552057627411114
0.2387923151254654
0.14284284306424005
0.1244247741997242
0.14991427674179986
0.11441019177436829
0.14112110098912603
0.10285143926739693
0.1356843723693774
0.20826376229524612
0.1397015495403182
0.13722708821296692
0.1434845831245184
0.14722494781017303
0.13690224378591492
0.19111613929271698
0.13192003229189486
0.17648964375257492
0.13561910098152502
0.12270267866551876
0.13128121365748702
0.13658605888485909
0.13739801650600775
0.08604688756167889
0.13307721380676543
0.10548124834895134
0.12731347818459784
0.0926868636161089
0.13161060324914398
0.0791711863130331
0.12654942744189784
0.10279856435954571
0.13472918926605157
0.12855935096740723
0.13511408980758416
0.1514916568994522
0.13017461484386808
0.2222447283565998
0.13324166954095876
0.16650786250829697
0.1349672759838757
0.1422879844903946
0.13524962970543475
0.09335168916732073
0.12741152684958207
0.16689465939998627
0.13697886121060168
0.07943636551499367
0.1339626863953613
0.18495580554008484
0.13676909778621935
0.1770167574286461
0.14068874508319867
0.11762506701052189
0.13659166420499483
0.12594595551490784
0.1304232883488848
0.17718899250030518
0.12783496529750882
0.11860468424856663
0.13441946344184025
0.10214830935001373
0.13145425268227146
0.15390946343541145
0.12826546858109178
0.11130367964506149
0.13732373634619371
