0.5346930027008057
0.2684577678487
0.23211173340678215
0.1800267757147108
0.13097290694713593
0.15395261873813845
0.148870050907135
0.1399487329665387
0.12115403078496456
0.12915130238980055
0.09323174133896828
0.11938022957690576
0.1254640407860279
0.11052821831095337
0.12580806203186512
0.10996945155323437
0.09582848288118839
0.1076002544031875
0.08929572440683842
0.10254895920394966
0.13867716491222382
0.10058446888728897
0.10094184055924416
0.09742127823652608
0.1057976558804512
0.09750014387698162
0.08440313674509525
0.09400291289986655
0.06862206198275089
0.09509269904234621
0.09688479825854301
0.09024890724311371
0.08126499876379967
0.08802669866028989
0.07467203214764595
0.08684457961635866
0.07596556469798088
0.08542001148741139
0.09881968796253204
0.08140326582706801
0.09495131112635136
0.08237189386906747
0.0636177621781826
0.08063652441089991
0.08768006041646004
0.07832415386259851
0.09064666740596294
0.07657671584701627
0.08639602735638618
0.07329914974749531
0.0642885472625494
0.07341874755531697
0.07648742944002151
0.0708526335103382
0.1000419333577156
0.06873011246489563
0.0870173554867506
0.06728985103879973
0.05000139772891998
0.060044361734855
0.0688222385942936
0.05741063341277071
0.06924291234463453
0.056818030166006325
0.06466341111809015
0.05666811631918691
0.06054932251572609
0.05557531442511642
0.08506104163825512
0.05687472562185756
0.05598055850714445
0.05639851930560452
0.04411226697266102
0.05543653034411444
0.05237580370157957
0.054987709084064654
0.056192466989159584
0.05432664933568328
0.0560420248657465
0.05453467187425583
0.050656527280807495
0.05376887904701404
0.04764549620449543
0.05473984836941898
0.06760402396321297
0.05343106820128194
0.05470884218811989
0.053553515671761615
0.0412220754660666
0.05319468241350928
0.043005297891795635
0.052219836267246175
0.08082072995603085
0.051869587216636925
0.07179052010178566
0.05227734182620108
0.05229637585580349
0.05113595047744342
0.07694373652338982
0.050275840660520266
0.04712182376533747
0.05063037233113652
0.05494424607604742
0.05059710847638031
0.04889053292572498
0.05077726392093861
0.051668813452124596
0.050551505616432665
0.04605746641755104
0.05053912998997782
0.05504622217267752
0.051454914228916904
0.039687381125986576
0.05146368009748288
0.033973445650190115
0.051005259903129374
0.05798688530921936
0.05061541947231877
0.03449254995211959
0.049622787570691496
